7279.833333333333
6988.0
6988.0
6988.0
6988.0
6988.0
6988.0
6988.0
6988.0
6988.0
6988.0
6988.0
6988.0
6988.0
6988.0
6988.0
6988.0
6988.0
6988.0
6953.5
6917.666666666667
6917.666666666667
6917.666666666667
6917.666666666667
6917.666666666667
6917.666666666667
6917.666666666667
6917.666666666667
6917.666666666667
6917.666666666667
6917.666666666667
6917.666666666667
6917.666666666667
6917.666666666667
6917.666666666667
6917.666666666667
6917.666666666667
6917.666666666667
6917.666666666667
6917.666666666667
6917.666666666667
6917.666666666667
6917.666666666667
6917.666666666667
6917.666666666667
6917.666666666667
6917.666666666667
6917.666666666667
6917.666666666667
6917.666666666667
6917.666666666667

